1562431130
117392763
1467211248
102948884
662969970
2023087525
595021505
1519796918
1429255519
196118093
1939977182
969067502
791955276
819572292
592164476
1482678032
995688456
1636576170
1681268743
2143572209
1974241400
326327863
937357226
944462913
1610411243
1998515241
830146030
1714307458
380917387
323298246
1276356730
726510756
450472430
538291085
1773748217
784177727
369835212
340708093
1261490713
588781164
1613362379
1382168065
1226299823
172412737
1245593975
194700534
1616002807
1715016935
67470157
679748443
768627193
427524440
1756205558
23764756
896977160
1652564410
2091725713
173204059
1532028261
1144626003
1032025897
1875722819
626327552
471426601
2039809094
1279650794
1761992798
405329719
1367183775
812669499
792682390
292967501
773641453
936910429
933427573
1393273733
982080986
1494582460
1015090625
2042112093
1007218200
1178812594
1776661403
80257142
324337807
112912593
1790714109
1693536744
988500398
1634774479
602523747
1355877696
420829923
740513295
384986759
2066924823
1859048229
1033643976
1044945476
1177173328
904029870
17501140
1359077532
1627010029
1502934983
1355141911
677162709
150863246
1227545275
737552522
796742846
624308104
1872207597
330324451
1730294031
540512670
1323308806
824557795
803930606
246755679
1497330246
315111228
1951234958
626135323
421222652
367042332
1737582322
611617923
1348476433
1676749402
995142352
1411198172
656226238
2145167932
1159446672
1709459168
1363890525
1490473442
271136627
199056433
1068001373
1698035027
58656721
1440012923
78349904
1006464803
1039046778
986477093
1406716447
570455741
849901630
1013178035
2019005021
292540755
825945481
1755290299
1387772600
2099341151
1654562342
1507629441
1919942284
847734996
1285992740
609730610
2096018065
1321028070
165539030
773945529
1664559029
787186291
598766324
2101434434
1931028741
388471308
802807006
1976791881
926230212
595896996
713660929
1722325342
676774046
1709253589
950768210
269242999
207126774
851523785
1600204536
1902581745
366918492
1959920331
1729563398
622912293
300195866
2015887978
199601766
638569379
58046189
1418479943
1177539793
545263374
606016209
869676668
2077680378
2115927188
1942401269
1929662377
738610122
1566825991
30184654
19226780
1738590150
36673693
1119900488
650881948
1793482894
1202282305
1252974359
911643731
1477997183
1860530323
1194821675
1031524181
248571511
667187843
1263812673
163561553
1922303416
1908399493
1345345174
1419595987
821586405
1516546417
1940520118
1268263347
1790356266
315313659
558761587
16308510
2066386553
1375705290
853702386
1780551486
1231656431
934034230
554405088
2027862921
1764685141
1914089891
1415585730
277312675
1318784193
1479280245
1048395881
445789425
776252253
430738095
1584803459
2138838459
1836874815
2081177131
729601358
1084576509
1627856760
201277816
1559241064
1092518347
1092129065
1837452107
1665180099
1655866206
807641294
1413266340
1852900788
276324031
1496996510
863340159
343878186
25217806
1718117643
1116065842
1557891067
929420399
1706980452
1642444137
1767896410
1379902866
1825969819
909465788
2115226725
1147674590
277297440
522711018
1318758619
86477882
1165814507
318778037
327945963
1283411575
1147993241
1601563993
1178955047
1617700189
705577134
2082666666
1546455960
1942495569
832785913
1351858633
32741866
957160352
220972565
1114839938
223030984
842733674
371999243
983290694
1927653955
397581613
899491605
1472676800
1819905387
948545005
722650494
985247509
908818688
274891518
112542629
332206781
1294705986
2075560302
356841248
808953593
1035584741
8069137
1229975036
604019696
1110893857
1151750953
1527220771
2078625386
1452539109
117487794
1827746007
572182056
1684340011
730140488
622538842
1299918813
793465959
535470518
1085218224
32228557
610793241
629020956
2093812860
708899329
1228152706
1404897212
263136007
1362493732
933303923
1038292577
1179331680
467330302
1238529856
1767661164
1562372765
566201226
1280016596
981408380
1756760895
230946741
1897866718
2024241081
800636852
1735261366
1388031529
1165160894
1804082165
1268323588
208001802
553992992
1961327952
434269945
1317314802
1167561887
1259100992
1375398145
345876515
2142450921
2146829432
44717950
1265886848
1359201029
1673325055
929762876
1111278717
1312904546
160447092
1320830860
1064656693
468830077
377663347
1512678143
1068013978
1380513833
1479773968
998741441
1401933510
1893884542
770638720
1001932431
1182996337
2081102688
1647381208
230027094
1129002108
494525867
380133613
38239850
1530286249
977497848
1175119193
1760416095
988932974
1379157775
727916447
2079556488
88039134
639435753
1712759654
504424969
1513984711
967693408
652162786
928348059
1373212379
987079541
1215085904
379675100
1109442054
115109438
1149503391
1351483985
566940894
1362939498
340708652
701566201
1501457721
1748460402
844312230
1905153678
976390360
266036318
575489297
1632470107
1036012864
812270641
889937638
939827125
1264282281
1831924467
345353559
25044759
559726608
466609497
1098138543
988862174
531754599
1108585746
1358064344
176751517
729656557
1687325616
1408002806
1166475294
1746915480
1054870065
2116357425
1561569526
1092163757
1441677098
2037528465
212062148
573436530
1589972367
1382294786
928309254
2028766716
1102202401
1266735990
666417047
1601011234
823801204
283484713
1554795721
1491869074
566151324
305814016
1840536603
1154044673
21762676
142522891
1804924823
1557569150
1239128970
1450676778
34369995
1803598304
176981674
1031951819
728219233
717166174
1558524934
1735872721
1571684957
1689018685
2098441471
623315088
1963109875
1132290468
988594834
906324725
1933122051
2068750731
660498530
2027785667
1191854898
1779856338
1418229342
1762844664
898423974
1880099182
376937230
740347726
404329565
1850566590
976283775
903349213
1128858411
1290351100
1962477001
2003334109
248930894
2075023310
1562947386
1337569674
1233764527
370858748
1494273825
923202848
1904087480
126090813
1242241336
843744518
1405292492
150294314
242791087
215760391
1545636967
1967725908
733941969
434183611
910190548
1209012337
971757653
1206243588
509479557
172404657
539699012
895248564
208525842
1202900015
2018005889
215316044
119325649
1311760514
1453836282
1976496863
1672451854
72390516
1411992170
385315350
1582008551
2142030794
315397064
1592410956
523033543
135689026
426165583
684802777
1516651645
1357186715
81126443
1562590572
1754482424
61741262
780674493
1744955282
17917089
825945946
1937733259
1822985043
494376533
1098255805
819348935
1745661435
398535678
2122892798
1909538682
1180962806
412666829
26214503
408567629
332892373
318892821
290491473
1308321268
1449156973
2045426375
1481010199
632675128
1975905822
1352016262
879734317
217999007
1896565553
669842790
2003469641
1281534137
309935451
1514112838
973566399
561798922
317610078
812863943
1584098794
814005391
576695759
1957166568
74133446
447774959
1888904690
1856266048
1141354907
673060927
1918551233
1467967959
50680788
1261022578
981679372
1871963040
664406510
2081405276
333861818
428045207
1346643084
1569011809
991442221
1987922035
1461873319
1710575806
1229520580
482750729
1321161698
2013713267
1520885370
1027842109
1514952187
2089329100
1115114155
489207461
1491556190
1854579083
533509111
494668732
433289428
1759087028
1265775423
1822331071
1336903768
351171061
1887229389
837256999
1170706186
1531424431
2097826192
1718559940
298060861
179250085
707709828
937500531
1817218987
1204475712
1427135024
877263484
637306056
1394028668
499863113
65376138
1706303795
1974921587
1394383732
631434567
685541449
1006329988
370154281
1006192020
830297556
1741197856
1396007859
325797218
1444078049
2007147825
1296289107
1045549104
466071471
233280550
1606313861
400341281
1409849795
1695947935
422756442
575124409
13528345
313245618
406421508
1135302196
951108980
1287011544
445512304
490055555
1208032471
1800507768
310507790
1871925988
334110732
1435641613
1726291628
1149909788
922647137
426473974
1212901248
1389872980
618883699
715006682
1922328388
703652749
133599778
1245498549
852297596
619138754
1024693156
763773316
1914677203
639070361
1041575349
810243977
715301539
1107005637
880191724
796535099
9656212
1379199483
95782953
408199630
2047606364
271102606
937463339
1995376730
312779684
806802601
88099390
1400099755
1272173067
1005695017
592870929
1542762660
476678467
1410981909
1588907685
484787536
1095189849
1360436666
125850210
2069551751
1369569299
202570599
1090432580
578074169
2110191218
905040066
1784845362
1803784282
246086743
2043531974
1264096367
1262693482
1587185730
626585946
1219646505
2086650271
1112863029
1734718606
740121391
1093761970
1641003191
1821832052
1446234816
1588788803
519420660
1063116441
1334341503
500987114
1863188226
1890842655
2025111682
358308315
1798310206
167654264
570850697
1823980853
1231532501
1340085953
2052308555
1308260071
17342815
488200121
1557619948
2020887871
1766962597
1500909148
1961166220
754760209
1677897859
1258370848
182613241
310352000
1510650601
279633611
23482500
1000056172
1427908091
1359933935
1857941745
805854328
1977275480
2074036739
1133664904
2098748342
1839404408
230896160
839572552
1486231538
11865391
573062485
2059743291
990595992
268247374
572778663
1231425253
1994402371
685959016
1430463144
1451378646
1464206050
1738140850
295465650
1062179167
624007817
1636030980
566958529
1712152929
1684285906
1063884284
927278826
596197697
189171437
1523132226
782506364
396832503
1825089099
676346085
2132232882
730709318
1412447203
267862756
942733585
1562297606
711190304
1060075722
1026715492
601921949
661451623
2069217392
1619616082
814273164
4216648
1547637478
1022900121
689495077
1761623104
2086062445
629450217
1561174362
1232206121
328038555
895714399
984006833
1358498111
1549736865
2068743836
484367957
128330191
815886762
933235330
410371398
728918142
582455129
1272633483
1317415343
640715827
1029031541
1753698245
2141978200
1186718370
273753505
1898780526
954036018
1695685750
774369860
1699221544
1105703696
1039565338
673488519
705224408
237110901
303524645
2085805436
387779361
1568424328
1796440672
420910940
104876920
464755492
2093678708
1211015145
1905801444
743394060
1539417909
845754610
1500857429
1429200187
211347333
342772469
581396382
1914120282
695614438
1139031518
1757588495
784070987
253780384
1156889582
454508723
165389794
224311947
1727854775
1096972835
57465012
928039290
1243182659
167360005
767166471
1973951300
778453589
1946532901
299837929
1552838256
1129743815
1827985197
1393383260
1109969788
496134162
1379106564
1781543086
1404899274
1786276076
857673409
1480324328
588926248
298807820
1084465227
2108186204
984342522
1116275465
531482511
1217099361
1563393542
1925642592
992642908
1502130716
1090594780
1406047892
492534238
1165740660
1928627936
273319536
1147848373
1938546983
1617027574
811059048
185213105
877307131
1678078664
125138718
757179692
1338787596
271746486
313369856
902240004
559952708
1464364635
1632464142
1686343476
752852458
1340996281
577027257
871718159
1652955217
502836992
1495942119
1555918872
1276739248
1706013696
1214657556
688080256
1542041874
166658600
1498320786
2085614397
1493543268
1697510202
2129259248
548440771
1795858604
305464461
1077518969
379170145
1682642265
2114008062
792372692
747228219
1574347957
898630004
1767644105
2072325600
1531496822
783662863
2038251555
1037988743
55816564
1934653933
1073216944
1475344363
1591573622
1287939480
819193445
1511391680
1314477605
257119247
1393904542
1577018320
1491795234
1479500912
1750489220
1055507639
838494515
650228287
1972646024
2117625911
826696344
1277194069
595080203
1470624825
1382022268
1606185575
1837477152
1607420769
132514951
210035762
378947177
71645004
1542887824
918574400
303287838
1078213737
1665022832
860169818
1652811564
648122737
1307493874
422563211
2002938489
1879168132
1323165926
1448354252
1477532230
839235554
1144115029
487552849
1810983342
1129480258
2004600782
1785984623
379861579
343789266
1342955487
983709480
321491448
77713612
1724220575
623692629
1125837488
1096191666
904682088
1966211438
1423761045
1050588454
442604963
856869369
575934989
1738658152
1908244156
1559382413
698572295
309566316
1320487732
1041777026
349379676
2001176471
846484948
1149835576
1939536
1072265750
1998434303
440988160
1192936759
46667227
278521377
1768673194
256212276
183157045
41062724
2112585643
1685498397
1265965579
447655873
651987179
1712773754
1132147637
867882771
1822821929
940369068
1501927544
1835626695
401943820
1761106475
1658431643
70030479
1944257479
1781574888
1762300202
1827811703
1305290599
829294801
1914745927
883185711
22213820
1846477683
812186919
1465555078
1936115170
1824416697
1146829232
1776714744
2064168555
1039033298
345912238
1337231198
1639006250
1649602353
2007098284
1746628035
1397529246
844791470
1127462773
742915671
1116497658
985486538
779519527
1058490237
417583821
313850895
1634167792
1099516159
1918565203
1953106326
70412136
2048839521
2133392215
1942242722
195900043
378565203
1414573507
724139114
1694265681
721012799
133353158
318331124
1078915052
1727201539
1179174304
1943587869
727468702
1900296633
1541800205
457548213
59767092
285277105
1301442636
227739079
857692194
1812953216
1953448650
578411510
324593980
243676466
1992276080
234089218
1927587343
1426323098
88239238
877067882
1544609242
1498472651
925115714
1981104172
591706412
1498733471
299618801
1780100264
266935579
601779828
1733296577
1242538659
69879838
502686967
1310768425
1563210086
1166025352
430944024
712330229
1424484102
1854987426
967314973
1339822577
843120831
1516311651
1776632018
1195592753
921829242
310271182
1350795486
829692156
346407534
25469160
837108530
459658323
886204898
111967317
1642155418
349598497
808969232
1704477583
1961579382
1802839808
2036803110
687281601
1115974530
2016883877
406631270
443609670
679727312
1573095146
486618221
1011116985
706576600
81799287
185401488
1085158072
2098423974
1863675403
1215798114
842814010
743895857
1793932140
682248274
976394122
1823206092
619801833
851244657
616775648
1790623669
2071138185
2088166994
498509210
1099916747
701805010
62950410
751716124
1172511581
86816567
678055767
995828033
820153118
1547253791
1468263389
29685628
1367792436
2121111694
305812363
2076165008
1429166959
704290674
812520733
507913960
1343399063
1102346380
689072314
784553875
1199119070
1447471865
537207997
214213344
2141185396
282898013
881982609
2125610899
1287818554
15100075
1230474165
2014366145
188388494
898268818
468373215
810050125
151484997
1917649031
545115453
696519679
8829366
1812962923
907563990
529236030
1741322739
1350118362
1857930511
1076057450
989249043
1352982288
2051612234
86175960
1836583083
1968591991
720926121
565010027
1256424539
1165361361
1370706416
2138163147
1811932036
669670398
573267592
1881793861
2012694807
983346795
1512906144
509108799
539339913
1983712023
1005476462
741265238
461130467
1741135939
453131668
1210211350
204068597
1585850550
1526138269
498086485
809515690
1642784682
60786086
969272620
2005654391
1523530070
1909107737
584074643
450720749
100033049
97350549
607760024
1388754031
987096640
1609023466
499399484
1448803581
1949258868
995281216
2084947946
1493738030
77335747
198170455
1753416085
1580486460
1315581513
1224224488
2044036205
688338745
1420981626
1920676651
1989340221
1610213216
369194255
386260338
2137935972
825273479
1810576267
215928050
585844077
1943772592
1694947177
24400034
839982670
849051070
1086368740
2018372925
293521210
1418577476
1355507810
1344864609
1835742243
1228230009
123618430
1050692057
161742031
1276778824
175899313
431499256
2010865814
1456607620
869776284
1864739868
1076923318
1280140089
1294914548
692356690
1701877842
1641842461
2126259978
1905270552
767321357
1855126822
1465847798
439761469
2024209215
1871245109
1825676127
404596197
1193402067
1613696240
276024298
446797737
55067069
478876333
1197898557
1986689499
1005565210
216567177
294584751
660015847
1366594021
913346201
1397059214
1718931668
1075966803
726933304
327269132
448070378
75021517
1524656256
1761149382
1836788590
1544996232
588292052
1113744626
292873097
1924588482
690023065
1504439589
1585326919
1196700058
510036740
702696127
1993080762
629573004
1566885902
1217594356
676262207
1884534921
1977295493
1411332471
2069470168
1703998383
1015056700
1366150085
825426873
86564778
90725987
1330531083
1350236126
1909403558
164184049
2034940852
2051456217
376938992
1613407549
490527123
1002332586
2095984680
1476232108
2136744874
15155398
1204799781
1081429125
306485909
1951289146
1618906725
1631172065
810204054
1955396585
1847734063
2136924350
1609556542
1045266673
485792584
823692850
1595071156
1537190188
2124736333
1341535676
1915424421
1581067218
958258355
1329655478
454645448
703389756
1176194905
1869692646
1686117132
1218849731
1666249415
1069678645
600116065
394931143
169281798
1959178103
662264608
1616788940
1513940251
431920744
1988757784
923510718
1936120609
1732469432
1961385526
669139541
450680834
604560445
619932880
1578641299
1921546962
1154255944
1819146894
6195051
481634760
1517242386
1691934453
1803805820
881999065
631222356
541098129
1797135098
85915635
1973147637
93108927
1379578798
950644435
880894942
2093815316
1077552404
772213891
176592362
560979310
274908322
599529588
1064031481
1282488725
1870809640
606417715
362570787
66592141
1581311826
298706123
904796938
589917562
649532747
1548809912
1222316361
1356229168
1753700988
1507193731
2139967241
1018301271
575629938
1329120767
994292914
25793079
1440227806
45732382
764963773
1245134630
2082603189
1851818352
589583016
1263186827
660857976
94362938
687863299
1397828238
2104222862
2095869999
333039784
1876972126
950948557
1802258894
501378312
682176542
1338835479
1113431383
1254818207
1619335277
983635233
1490949739
194937481
1967482512
1660139343
1292148031
1853780527
1924086847
37110203
912319612
157031193
1041708041
2060480085
227523255
1036705000
858099812
1663261476
1313388936
2082281051
369758549
474628011
2092534857
205807246
611269304
319673958
2110564461
747036484
2003793197
1955437683
935129466
203866713
1783305119
972171598
1790272164
1605747802
306505586
1630404789
265517064
1293819440
209431880
1619419306
424980865
1334515703
1903246448
1836297623
1822632235
40810220
399835885
1568751243
1006294898
470227077
532019230
1800301475
421576405
303901851
1964560398
919527556
650041661
274702531
1873926490
1149654276
504054004
567799482
1372491707
601615848
2014228292
1537515518
955354416
987998152
751176365
1300428921
1877222345
2051034639
1075601089
635656792
1051429393
203857951
1358313376
1852232955
495199257
1311925905
1054669580
936997125
191107869
1355307674
652769576
1495526290
1999558102
1951129993
837717714
1013494408
1465279323
1922940524
811881369
1001067527
1791150773
1514732498
559541597
2015146746
236978430
1117089708
288473986
1268544207
985802804
1485527885
600140752
741551171
986396831
48875921
3558123
1083022678
2109839069
776563993
810386026
934815326
133546119
759161012
296642197
618137144
1183701378
1316178905
1171805632
1785128857
477135844
1380748624
715680574
1521529218
1177881728
2071342577
1968777220
1646308562
1800771088
716733829
1837484764
1248473333
1371573502
1814518729
907588162
887761338
288443855
1327255440
1122484703
165800003
1108117548
1413459464
1488414111
377540885
242976911
252556309
1242328177
1815714128
617230982
787518425
1866372251
431547640
440276391
89561173
2000765879
1277048945
710518545
305897769
372606029
586501898
1717914010
1368348791
1991246606
167577776
617115290
500540646
877618603
438976707
30914899
1299511746
225113424
581435397
1222749947
1216235329
65484481
1744542638
185736552
645164257
708684303
1913287582
853344856
1658138604
186551286
1252532650
547642713
2047072285
593957590
682560535
1960375899
517321821
219431244
345140517
1804387024
1837296038
1040320621
838336962
770585469
1195511305
2017989535
1868083552
1108235489
947597770
260126739
1141547232
1430801470
308746409
1675633122
1267483309
943676232
976848188
289634499
294589926
89207913
532781175
1327847015
909764275
2116880815
2044290894
1508214897
411402681
664559699
942540913
204191765
1653861544
705778407
1509653558
1603678540
1351702001
1792969755
1416360085
138126257
1328483733
2142757931
1468007244
1783748348
104593689
1759455977
1037943843
36760856
191042710
1825523810
1555978570
1955228642
2144318188
1391492656
1368279006
816113792
1115705111
1283666780
148013706
610324060
462151834
1612403949
94666826
1599626172
1470809367
324859154
1153023307
1194626560
1846767872
281768679
1301227503
619861879
105658728
1191646439
504830956
1290737885
51816691
678010863
1498459540
2143877237
674099692
472978667
563685167
672092351
1096363893
2112904991
1886698116
1778979031
1936410585
1064328468
1427736695
857376874
374694398
2032684573
1364738252
1261549909
932052982
748375684
2075114505
1270343900
1960702132
987311190
160239994
377014915
1514498779
180059848
2081409870
928726668
1564394162
182225477
742521567
1666006542
290016564
1230248725
330174223
486813359
343810628
933175467
532180686
1590458366
404328446
911831947
2000746935
1798755439
1669280041
389926870
1928376538
446658548
1701558472
1926671987
458877333
1626523188
770090192
1393247964
1221954715
2002055786
758589939
249471874
502137622
604865245
1807927963
317412062
1716556777
904745463
1232153330
738516758
734532366
1458915077
269997086
2123421256
1422910751
502112394
1957279882
1346096501
1123842288
2072070720
697396064
1598777357
1390836057
451827884
383393043
294981139
1570248977
538207325
297439000
1974573804
2026896053
1044061889
1037455540
1979772618
1575180009
1475812003
1245492976
1393880240
113320597
783835717
938615210
1221201697
129111889
1466832149
919027654
927751529
1192075227
1122232080
680207489
1110059911
1750715077
934411184
895492069
402828981
1179419948
1181038227
1397255257
737480854
1225162658
1720564650
771679056
257247995
1606696749
1178794266
1140919074
821474898
625474665
419968178
225636343
2083574956
1015485128
745682697
1717197279
994149225
567271930
1075727924
1052119552
527981955
1741235048
1964278306
290392295
810137715
628741593
2050126996
418140159
1973700035
51970359
1566181051
2146433055
2018181938
14070892
1266056815
1601308477
1965409149
1900265319
362579210
701486912
286603728
2123615035
188021215
1551454196
914100681
2127401574
1038627418
1789562391
1929199141
1228348206
1803477430
1305979280
1535657993
587724327
1170702933
1777953983
1229916399
1221173970
1281538751
1321529071
1347213611
1827560544
768006201
944055272
1849548057
1965600916
728897793
543986338
937802469
185754310
583344165
556172563
1022337783
399981827
1945799933
777134889
86390009
503353682
2026262603
1040648916
585132934
440945938
1006041325
1789531962
1592350832
682008703
748474940
1725049102
1685789614
1136352339
358501893
568844795
79830753
2053392264
1230951458
854091066
1197752193
870567740
185905588
736251715
1901605288
1519358638
1480360446
1438987935
1200883067
1974758757
610536161
1812932572
1952340273
223723888
1592534768
1072213658
586965441
935846856
1635841839
1635196355
1857000492
2114038993
1652635245
230025432
1645762916
234835711
255928379
438501478
1069536984
1926280598
1780694408
1930904471
308376989
437243274
264775898
887306468
1278046778
715078276
381271083
2077843432
709386000
383261190
1234143838
930254416
1373643620
617977509
306308700
634251759
82682123
74919285
1439660496
1578447342
2126695089
404662148
1529040251
182921505
242717893
423422332
1122811188
754258804
1942276868
1150344044
1165521280
110975108
411202721
632146592
1328617674
1922858314
108007694
1511180204
1977629247
2064566002
1623693162
1207083656
1672682568
370145482
805356167
467945173
386750629
392937301
448320406
489511486
1324505123
2049473152
697013618
1045765881
485003257
1113536748
1198328454
357284973
1246558917
1928255082
962580315
869412846
230352670
272977797
1440406465
672221091
890492373
1087994936
779218073
982657417
57983437
1981842368
1744732222
1748043920
597805940
1089305484
1933307790
2085276131
1690755549
928957266
807914904
1399880773
1752933244
2145636411
35674084
1970774935
929190013
1570715966
609050969
1156348534
421349569
563345035
1509736911
568028161
1649684342
1590289949
1138881586
414787512
1069117009
352634738
1513696591
402968960
1091727979
1860829271
1598608702
1580593091
1859165365
1487183068
708898156
1304418740
91127834
1482431592
916884804
1754171312
1126475568
558480869
15875962
863815616
407026585
369171739
1617603060
587331643
204310780
163320603
1160874581
752192136
1850733979
1346825169
915386662
1219014657
1389669010
128524989
426591651
679129844
543147435
1190656187
204356640
2106760643
1239125728
1040405758
1887406358
972091947
56675182
518161179
597703374
1228296865
1525868690
1676509249
1257915305
464003032
2127681507
2072553863
1209097994
407514208
2133268299
1517534558
814422752
1746192488
1970339491
1110065702
200912851
910198692
1625754858
846365660
1640231434
613761865
1036226338
1553562352
10437783
482343477
1770691272
1328352820
456464768
1762349357
1705768430
1332429297
1096558699
160470334
1407002358
20186644
325461477
53690948
1306691053
2016703878
1745184079
26685321
684837249
1750956185
567963493
1826727045
264645025
1302650013
1852847980
1100462020
723898800
581898899
904804600
1215330789
429522021
74508025
598894679
462917310
710325057
1228645572
1895399325
1455748765
2061814702
152778092
844812877
1641605545
2096126897
2064969761
1472557473
2121713512
2085060684
1338960411
1065290615
1183333466
2111369075
965917199
604081624
63037378
1405054888
278642877
1763391781
22326148
1474228021
542124198
1191537376
2097926185
266966278
528805596
1558252308
441222912
779011360
241198833
734799459
1608885344
846967490
754174993
1731387050
1802947592
1240775190
626757932
917929042
915622311
1674075028
1547649611
883427894
1086500727
1511019252
369420548
1715504684
641826051
784524237
1125713417
253186098
2013671434
526259663
158028250
1350050359
1781743996
1318599322
231839387
566524547
551858337
1648146232
277157120
94438083
1213193817
1150397246
830735972
1190010293
1586928254
59944826
1667755513
554919276
1201300837
781616729
1180338970
194544704
866846596
809056216
1549688509
100823638
423346477
742503205
1497159172
1964163528
1778152568
1330753490
37440498
1853309808
820529984
169879732
1029256250
642969174
1999731523
661285470
544006451
258839476
2039081581
1749897013
588871401
1239845282
272799022
1844962096
1517272397
631182946
1731705095
591546671
2067047308
533988938
345892133
4676596
1533240956
1126856266
1604596516
1800217794
1907256371
1030389017
329386484
1689248144
966854322
786627841
239791321
818214122
364212159
1872529475
1833498764
1718008165
1632989136
313909800
969330815
1487917757
275857955
1193494181
1895554622
637286029
1480550379
389169833
333047025
254789289
502348964
541492999
1672022782
1411774235
1876114824
1591787515
1171233739
44800441
1351423514
1992760155
5563297
2082179424
35955679
481806171
654485420
1548259023
2638636
151540733
1417600031
1181382946
555210523
1033470227
460282484
1743389672
602480279
875930354
1272150481
1959183588
779815063
1298687925
207326086
260832093
907336040
230778667
1422155187
50117410
650711842
1692370782
1161627143
325946654
652292924
221896641
1103058595
1489584019
2138470204
100361461
992444188
1109409783
1278016134
470894392
1759345567
1274902632
1422499670
1499499882
1697322031
1630620364
691033289
395712189
100879883
1509090185
1113549845
1070386425
1345081643
2025962974
1515572954
1006137706
160097256
2062865372
614271120
524291687
14597819
1241682949
1720530207
232372095
1202788893
1105483391
678430349
1009377857
44759182
1646898165
814298065
713245096
1797181106
503021579
2044576455
1267248673
845761429
2031397243
1064877885
1837188155
520561423
204808657
285413674
998736874
1744428099
477019839
401425406
352246392
460572225
1367205662
272970005
1959239945
434328780
231628162
1656659781
2095069641
410535733
1987304056
1570048406
253924788
1916869478
870305886
685629201
725093633
723873531
823743199
465939889
559027244
208277642
206683147
2015873654
1062533023
825598723
813713679
1746348185
1938450428
920180019
769165461
1449669082
1598308618
915099491
1511199931
1127649781
1907660089
486447389
524137128
2094991155
2118559699
700078350
2009043409
1410624028
1117069249
684290311
303039687
1874345546
1230265592
1123391517
434744762
1041383000
1707899518
1002910961
1831450766
570914042
762128157
853105162
128605336
321426727
725491362
334358110
81887221
2012767088
1175563730
78375920
58717831
2110136948
990595819
1211276947
1683715725
503649388
283307218
432876748
1781857502
357123042
1039035102
1161299157
621738690
1428350335
100978495
1110321086
1164068717
1796523265
40117772
310201519
2134273817
16207691
729871081
935966280
1385273790
1029761942
1001330513
1821817897
2138956657
1984263622
1686541190
691481229
1000710231
1611254743
744696850
1763228177
602252868
1021673590
470064632
160432531
1288459764
1388045484
918924156
1694393397
191741412
834058933
2092624780
167878017
1474351310
654312431
1777264074
1853140391
1639926208
840793070
796894519
1938032609
750876632
1204253356
859474813
789775607
1101581214
1002297310
320196313
223263710
431988734
1731815777
1613999267
329941628
1860327648
809768659
261225083
1455716487
1189974374
1319291967
365518866
183803531
19837889
908850672
166339474
430906122
1924134064
126431078
1312363179
881487805
1754156183
2090315622
317567547
1002733817
496478264
1409426220
1337687705
1034776877
332999440
2036845244
931309183
1015902856
254344528
797952087
1654737553
1904922807
2025111414
233092360
1453648782
1994888396
1289051528
417573981
1445744914
784483642
1165663213
1466638643
340054789
192635901
537679848
805891499
538087332
68775126
591730097
1319907385
1723971626
1268725172
535369266
1133946843
322420250
711242543
536268379
959603046
1465764652
306201389
1587624482
984328187
1321897426
1775157159
498214171
1442597529
1554515045
847952774
1517953711
1620338892
529699057
885484455
2127925244
387848324
947470233
36298238
631871817
1914459904
433834409
1661157590
858905892
662361833
2042724150
119086134
1613162266
1806392699
856482164
2064940895
1288657939
1824948446
755128212
1998537843
437342791
2054207891
378865751
1632021552
1479995105
723638538
1693680180
19706841
82903854
435951440
1518238754
243640117
1574175618
1757481445
393124099
1190498481
2109165992
1388705196
345159597
574179744
799307011
757992955
1365178773
2134969507
1896053317
1028149970
563956250
907971620
2014008523
953671721
2131939436
1871097596
1724955540
1617469538
888821271
1397175605
1681628125
1455387614
1961511984
1167238889
575855450
957611947
2134751514
1133055817
1045414930
1932752219
117569781
1477060026
912659416
873383408
1734335141
986031897
1489193313
799789555
1427456890
1992868127
915892487
572016804
1920803713
2006159840
1319310105
1022756939
2054562918
976215405
1214932444
832827821
181738756
49429402
1365886243
1510162586
278328203
715202522
1210139014
1082694563
1599486029
584138054
119339330
1858677994
1698915109
662497468
2011983021
1663514130
295910788
1666464548
1491099732
1472639316
1816503065
656266702
1208387251
1302966707
1495229213
1323059959
64211856
400381000
1322560568
1063930987
836877044
1595618487
640552211
83878468
1135680967
1263564482
164148091
1622477776
1613465095
1698338556
695415854
1555713169
138355876
1608209557
1311950150
1254475614
1896604412
1258825300
1870755135
507226534
1414420974
1122946212
1318357159
100845780
128245917
1127199429
33736801
618820559
647269571
1749545251
1301621397
282368665
494378671
579855044
872996920
1644662295
576484060
1076912090
565211443
2071771631
334738224
104845176
1741828402
1164302989
396239310
1842963042
1945958156
1522028865
1779824536
194242813
955293898
415874
129331268
1264768613
1187417686
1269299798
832290329
1338188445
106880194
1790560969
1435189063
171892193
1264176177
966101146
1794076385
535652120
1555126886
289990134
1973857144
63133541
1023261671
810605404
1318292821
962876637
959446477
2141456031
742073938
383393363
1505278507
1140635658
1047602517
892813902
189098265
1853583261
887650154
1021383452
673019996
2034543734
554606717
958630400
978383795
1355354187
293709233
1357572998
66922432
521468180
1146356575
1261051640
1250445714
200594117
852478126
1504824041
1786498251
890078009
354521803
741042414
70627955
1348235818
937804229
2142020204
816036440
1208536925
2090721544
1762289805
1027604767
405264603
507108724
903371085
909456620
540017497
197149466
1626874800
361310889
1181943481
1851415699
2095430934
1091517943
842330281
1228713468
1386764710
458261935
955678570
917628305
228407784
2083424019
2137728683
1972763621
424705903
1701163415
1517764755
2138103227
543775411
400526661
1855524062
1824233861
494011389
1033446865
1684488223
1347463798
1964577147
1063312441
695862563
1949801286
479255667
1987537176
37712502
1652939394
789235605
47348105
822777343
1083325069
1310152809
2080108722
1899780294
785790775
252786151
1928296436
618110166
1278196471
315112997
394831789
54925118
828882376
226690347
2125378216
665421873
1032697758
1195388642
1007623714
468521805
2055045252
1409693227
696758394
1577359865
308598868
19354381
2146984052
1384389095
1962373138
399004166
1807265577
957821369
282324709
1909739138
788035215
1551961536
822742194
1509188201
2089473697
449781471
525958230
1614904531
379226923
1064115598
2067988352
492286423
1764856884
1575942906
402693674
659912065
1559411463
164463178
361733042
759583713
830610912
1864141821
1925604249
1688197184
1367510064
1989002607
161105879
586184046
778050957
1778462330
1054640856
113991991
1023216953
1721012025
1098108695
1803121908
1146913869
397756392
1376691798
841368893
1027054723
139197671
1562221175
708952764
1470334365
969916638
1496230394
2093078045
926177140
1426489082
422171156
1878296865
485931680
1066567508
202236008
1388998354
1507013057
1078542195
205940324
1611275473
1041263976
1489836264
858212411
1725474763
274117798
220532760
120062330
59782410
1449987118
1412306198
1824545097
1763496743
478766633
971432110
2078924865
824765406
269993111
1423759231
853881316
1533395194
1559287900
1384693056
2140640189
525436527
515327727
760486435
189082645
925092742
68903066
1047286870
976595535
1730282803
28815726
328638374
93641441
1034496898
984970951
1174930750
1866350831
1926659120
1427022712
1828119950
1018851206
839423062
1320402066
424638023
841383025
210973504
179730646
499834498
1923712700
1729304668
780053685
264286976
1478617795
2129956430
765308159
461681804
376659445
2065061152
2142040624
790549117
1241041963
2048638359
1231513172
1976144728
263221407
1310451617
628713363
1040393618
2120631434
889796074
1090136413
624917106
168328542
915089549
63028786
1133374741
521368733
204861671
1081717774
753604491
792589140
858665096
939183472
1436522527
669285176
729576771
233373958
2098636981
1170327387
1488659557
1646758391
2065926731
837574283
578987778
1179742924
215672482
91533640
2082654571
1820304636
806709750
285007199
401956795
334243602
1233319656
601542951
570778001
152228733
1158280829
1952917591
688312024
476738036
1227122239
480689283
114216897
1498791300
1680107137
1495434033
1606459858
1293582647
535046848
320926620
572195864
1680184675
2038517285
1294847492
198898808
1162160012
1300344360
1418772144
1529065508
594499319
356519246
1235285634
787024169
1841418188
1927340050
57373493
991445796
189247206
427017698
1115902261
365742356
1331533883
1567379520
1185882394
1163996747
2027981283
644143625
2031868611
646057087
1884460486
2018005203
7186443
1022324989
2020166631
1001124463
521167147
1517464317
1806450503
1500520589
170734764
14249232
1166454647
1825541247
1850250502
1386501046
336986302
1794514198
1164125658
1369834252
1387220194
1412239529
53084873
1815162274
1177613975
515898676
1911445999
1002894955
5884289
521564316
73528320
949764045
355324136
758649616
873849853
316905945
2106175223
573394316
1964128402
1051894165
923262641
361535095
2133928207
1555350388
266857073
1562682988
1943394305
1841984231
73285916
1882584854
968779117
1095960844
976483301
825364021
582134440
911252613
42485436
580728509
1665964502
301483108
1685757268
1301768733
28105469
1203132482
1159851727
618351517
1279123653
911564655
1243580937
2043557856
659640014
82805059
2129499262
1353353865
185019310
1404922003
107367897
1828543482
2016147589
1439870015
1485292058
448993592
1244817471
1216802537
549991522
1317173227
1203703910
348915648
369765470
637233281
1309150626
556050042
1996730446
1266141297
724579790
1970537568
995808689
1369814685
677712311
2073449603
1400009359
1631554512
931166323
1639630092
964974946
985897319
2095203932
1626538929
1658005922
356380685
1791248808
1887000388
1041522412
566792351
1997676198
1944944741
357820622
1309313326
426792343
1096397656
1914161
1153736738
674880551
1851006193
1128937316
1652707195
1718633606
925271212
1561826753
2146431539
1770726440
1185725913
782616574
927147456
240935957
984857076
1115787282
1823506869
461569261
2049846803
785045441
1798956936
599996540
1706089848
1068997830
1095945326
716387062
1584905030
2099328412
537657187
1142683087
769013073
774166762
1640926534
635119161
159914510
893710729
1531282720
1251402043
1711123369
612854067
1678802565
1758789483
1301582390
744862665
1364517907
396401224
735608575
1688601920
1080173591
1803308342
2038526715
1208073258
595396944
697125910
504543840
561228509
11050443
592644481
98357072
1959364930
906435053
2088814242
2144695726
1581152572
2136179087
441058989
291275284
1259939762
1142731075
1967685632
1001971165
1042723899
687127990
1689371860
251689565
1326721381
986949422
2088533408
156697904
1706749858
966427442
2079895306
1260015536
252789968
756309576
1692149130
1305508736
255222371
421803993
863748254
1939545669
732077106
1579391537
1098643364
682864245
612262362
1206612131
5149271
455650119
287812819
1891163593
1845047016
2077757898
412878093
1060762601
612356024
1033556242
1534453318
1017794932
1015564976
501092236
1427042283
1059439528
2046759998
530723699
12904872
626471253
55803884
1277476955
1576421006
1032597436
417935518
2054765547
2041278688
119128978
473829992
1512467368
1387055226
134541349
1755305994
1067474412
681172447
1915344534
1472304649
156028917
655692765
751191876
1387378027
1606853401
1138717151
1836631881
1698306062
1701720855
1551044815
1687366686
1245178021
1663008650
2045193382
1680871258
1217802320
2000960119
525304977
32275607
703458263
1216802309
1878610881
748378997
520092292
390957900
42126544
1474181048
250142874
200594501
409903563
1197943181
833877877
682308322
371442400
484556778
1299399999
1675669303
769793445
171765523
668653132
78304981
1404552962
74327352
1764889107
945194808
1703844285
1625671483
232465866
1691266390
1201730464
602896272
425213597
228469847
598006601
742172990
1647832458
574897508
40335502
905847042
1431154396
393591449
688351626
106505874
1706110785
786097940
857415241
1892632575
768510090
1761633839
1383662860
1467724083
234573824
1017852874
1453977913
1794587034
1378349149
950702017
367707874
795109854
805464430
515894909
648615152
1941363658
282537795
1986273446
1932978156
1121810000
1078887183
103941110
1689042793
1378690982
1718632355
2108829481
171257874
1029824394
1706931074
1548233488
1173118028
283487143
1162920608
2084104901
2025196935
1256847376
208218556
457921785
495966246
1365054953
742677847
947834985
126964744
1443252772
740957775
752936304
1923290035
489997929
1642036765
1003103925
110470173
1922174479
265530536
2111550212
1900838678
1223584071
1039501763
2098840123
63273557
1298540633
399938634
613732187
495181085
1042848006
1378840788
173674942
1257170571
1033220107
883155477
670898023
1478897279
1769310407
2120723667
1343713909
1330309925
1004338420
717455747
716737458
635684127
302298769
219194752
118410312
1232176209
286014944
473150951
1991536787
975535944
259564939
1468694033
2048751122
1888442183
2086049506
1346796462
583612022
245770992
610377791
703416954
1177641437
1181354380
1720633227
1154601375
1293494808
1260196087
972456665
694987943
1761251624
1918910507
1870289200
958917148
704441544
1861658727
1405390182
1612306879
1782501668
540165883
1048859943
485246049
1886303399
297300403
1345273365
1147733857
651214578
1140875229
3703562
444247490
2047169768
625801721
1824076664
444547303
1128993766
93043197
1578118898
1446324974
1034948112
1880426050
187635395
1760404647
265370055
1768362254
104429500
1907214640
562308662
1933239999
1592626700
1780418862
758523660
392426640
86123847
1799444394
2030913860
610595339
2006660745
1734150789
252347167
1512683275
1118766772
274204825
1655812404
1216620653
282044116
1106345838
87233181
612566355
1764284580
1780546198
400234067
1478229780
608205098
445208230
1254648724
227485123
1409790845
1379772881
682977152
604001115
1982684583
111008802
790688196
1302585220
1625686437
913459542
91507309
1948681732
837039243
390686291
1225136862
1380780485
486800836
1049673
607151069
281460350
777400439
478964580
1127611079
7783169
1306835206
359540523
59598820
279598625
416743600
195559032
879892437
812601406
1001236822
23539988
1064956458
1713662831
239010651
1053996270
477923088
1477289034
1880211364
1986972920
1719281191
1993448787
415858623
1747776415
176443506
870944510
1286669856
544584421
990779240
282848866
455600262
158966812
547494695
288527485
1878378108
175141185
233109960
1260376094
1734551035
230707698
455483853
508718195
1469593644
1106648589
1655577015
1278170671
440657996
1100853223
966291125
1630021975
202487465
1561063462
444111990
382767530
1377501641
1520928060
1651269663
508102571
1617461161
332578944
1806895193
1362367564
2044905763
99156714
428373121
492037433
1977416041
1097560939
16487683
113286078
668107693
287080679
1692622529
1258578005
992051427
1426541008
756171692
586212560
2023544734
837264224
26698358
1112710943
182829079
96017011
995999582
1449174719
1588741709
838789118
1458370602
1116520128
1570671686
2034004784
26477875
1036367472
251702899
1588960035
1677572506
150399657
915622961
2139595327
2016924824
2100449716
180934252
102708524
2008061428
1763646425
207218270
178104177
1153165197
278762117
1078132341
193404846
1508920855
1471250453
1762277203
599068018
1228731107
1431243333
1508604655
816046778
673003734
1748666672
1586630616
1281927943
2061725307
1181385987
376460954
411744794
98258741
2128847938
800242489
2085047375
1897801101
293139638
1767439578
1158189716
1719500970
735549682
911281538
1085752324
1426493150
107709569
782298101
1587900196
443502428
1318817967
467728832
1858266296
291499272
2033570800
1771990867
2067215939
1998435431
1011467760
1758834758
1409475098
1623340726
1908169271
1504600508
1317594916
1593854998
876272504
1142899941
1702599216
413255396
24375671
624818077
1010513651
579062311
1934285718
1943985458
283264669
1426380067
1152354810
1978372419
564368918
699840010
780590942
1285187267
241112538
1909962194
2017002868
513250589
1645124974
297365282
716201459
1012454770
1585523837
200335973
577911362
1180586493
1198187412
1746041089
111354815
53471640
28937847
351652258
433790636
429123927
620837406
1898450864
592114102
1928101458
1817309263
1517381599
830086180
737886593
1501516505
1849689060
1551221913
1000234943
1131704426
965584709
105089669
93388785
1362742542
579264329
40879150
1525721408
226048068
369133583
1329419095
1164151682
19573439
1707036859
888527498
945269686
827262390
199102667
750501127
1544623790
2127637992
1717231751
1688990537
1346198471
1718852656
958400151
1102339633
430223828
1488461248
1406987439
1491329746
209012761
277945853
1691643237
1690581208
682321267
654799863
92859682
606205333
140580757
1869958531
922996791
1831206313
310006893
1931899383
1350369287
1919690574
55480229
230143618
629166434
175470398
247391813
286465573
595181043
286327361
733487733
1845739346
787382991
884809046
714209632
1421093151
632837677
2016618109
976291125
547070503
1987642933
350933023
1097276743
822754046
22016753
2064021787
48614996
675892814
1337980256
1281932143
1414583523
1187358867
818636201
340523902
951753670
1737634159
1270157933
1027039747
36888767
862294186
447748917
154749587
355451199
883091658
1547026442
1652936904
1033605450
296051019
2094487588
1436075536
1951792758
738712188
760463802
1818556944
1528635665
261997814
614120696
9396150
876297570
1743238841
1616757775
668154074
891295496
1184757732
804590182
437588624
1264113792
1662312721
1708698862
1190984716
1749528770
476218699
383278483
902627890
296511754
82493869
1220195278
1546623418
362894516
1693346968
52051031
1082802685
608443712
478936720
1448690168
1285245534
637013110
1072410291
142051709
174998615
455579299
1874238680
731552456
648104991
1002768129
1142440768
491800833
1345188341
2108051508
1929579003
1360808938
571158028
1465262833
1994683867
1205656656
1923770643
2033487033
1191382285
891250077
522732384
719552707
1309125465
1253932683
1688888504
1528810744
794140662
2066447091
1013857981
980229400
208703242
920979651
589384693
763612666
1717874878
1182362126
282719603
626619120
865445883
671088190
1292953892
470355785
1914817219
1431759972
1139624632
1575888368
2110477870
328786096
615696682
1830150449
1941350399
2027155196
449266414
484160668
1709455330
2052770946
1815495351
1748695810
1438558788
757772975
611532514
221590172
604042959
1978883343
754984322
1925486924
977157249
1416868967
1982619400
2135755515
1058307432
221567201
150540687
2138645537
455941116
1448500578
1660030658
1729088098
1581356056
1798940152
974616171
648961366
906529175
747076463
1214953368
76935521
1691805319
225052162
1559378540
1476269761
344089357
755401007
1840356479
1405472423
391016661
929372835
264833523
386101372
1375872051
808095317
122477844
1107190084
257250523
2062430639
1343180459
413769504
525127737
28327910
1042850016
786711277
545331054
1696553323
1428606665
1588935178
2068366056
1629046905
370436755
1737071160
2130134429
1765948623
1872163915
458297754
561146340
785305720
1121948490
424285403
2095874544
1825589189
816692283
914853230
1278666217
1083678301
1641147850
735308273
192936361
1731924843
1326927339
1135710891
453612560
957548277
668832196
133620788
1461207556
1530796621
1637431864
218362420
833191688
587834784
1669779217
183661635
1460051320
110802091
566125257
394551024
2141960286
2055527566
874465525
1142672093
2077599989
4152505
1960872271
567208968
218077624
985537795
244398430
483719972
1330147621
469449433
2057078468
607458085
700575251
2031548307
311942180
820913371
1420750765
1308555746
1415457454
1088373430
1968440074
174781542
1373766216
1739171496
1205137514
1871438684
1112588890
1589244968
1514906128
690762613
2101071158
1270634578
2087739063
827474881
245450787
1511475755
1517351346
266065098
1920766469
851627267
395573923
924849854
278870698
1242445555
1470054103
2089756867
1620436147
2059705734
676034109
1268841327
1441340445
1371548276
1811787265
391293008
633391979
2122234505
1143339722
1376809125
946968946
1355696293
1571083404
1046197552
778443200
1598932700
1075058186
383736099
1422547370
107423677
1197881836
1209672247
1912534001
1706129840
1704857464
1601030108
1958835472
1584797305
839565552
1549435787
902461989
2139228377
538420616
471471159
385782905
681372243
251459843
449464033
2077596590
1292933900
219558633
1728460363
1156364420
1690392012
1324636007
1582207940
2003964488
1015792161
521026499
85224226
1692248281
555140770
752244858
163509198
114918744
1696660817
412967671
1841045753
653527916
430820378
916621554
1807008493
207213870
695485304
312854372
1903700862
268510136
1639056695
601782050
1816160159
268930629
589731156
2130692381
1840201745
2116237829
1520408320
580291637
1618301749
1435731072
2000984003
757544629
404208131
1334946468
500771518
1906888047
215861779
142644845
1972778505
1038672501
1253549785
346266927
1093104698
1622050161
285701102
1268160643
1256737799
783654818
1556224649
1790862284
113983491
595187060
729396236
1460627557
411654276
887072698
2075315130
1182302825
367724966
1354509962
2122762631
1671112734
1901213544
78079925
589887496
266231294
1212488179
1628091105
998815626
1727570276
246670331
1469887813
1092784190
73765840
1848585534
353730305
1530590610
561959127
107168554
293170200
1196993690
1455159466
571253148
1334237963
1325524909
714381632
1666971074
1111126803
1637763341
2101297187
1619275041
681530362
1611734718
213098196
1125331634
2010917270
1145194871
210389980
450763816
1329839331
1048666294
406014577
2043914573
1505705148
76924398
1545937601
1561597834
751966262
327645404
1589179613
1197173637
1666901145
819437304
134516805
1765503717
917661948
1058852870
1204435468
1324671025
1132562812
1676040651
707161000
1444086486
1647864856
1116392669
1637774424
1415822663
1763496236
1547256980
1681360690
1318943551
1292581256
912915485
2011979720
824117794
501617709
750903980
30426998
80827777
1575472547
197525713
353428811
191965628
994065146
1903599844
544531090
1099382466
1731426907
1027034267
1619791356
322366709
83362633
141021626
1663453035
938479144
779305082
2112069609
1349590621
1712762058
156216652
727708065
1139846387
1660633884
693965030
1635144256
1510398365
1059613854
224071916
1697657661
377801061
926354312
1121449438
1765892725
947186900
1009255540
139533070
1089098660
1133031812
1540543001
266347580
1473793775
2130412100
1282036529
1553103
946386589
753754081
1770869884
98825394
630568422
2127690903
1273919710
1022297801
1386597092
137749524
1584873892
30328079
1838988710
258595365
1594104036
1103184462
293844580
1279080960
160653314
1083621753
738673868
41074733
1495245903
1111206569
1103448699
346540305
696073163
1338152371
722590343
2073865752
1402317835
1870013538
1998143545
365792126
1432313142
1979450966
104234712
112548027
387332905
1737367672
2033761440
1753865609
128059067
560230936
927410898
492678547
484522266
1547301286
641342693
368964795
1172011860
184564490
850993370
1479835144
852284402
536447392
1364789933
1609760555
1772801215
1949177811
762447079
1173574316
928445094
959028821
1821694032
1260972726
2051420601
750734584
1065860290
1436182139
1897574222
1574844204
1453729049
1837028421
1453712452
1843777046
881072199
1734920731
925030755
1393140297
1978452356
1921130252
609519585
130893603
2061320610
1929228059
1974632449
353685958
1545014142
764490694
252581846
1700007346
1232336275
1067440949
356287526
1873682684
90380968
1767827452
1635147113
49871405
990413738
1850229645
1734554353
1043562938
1635505300
1900252477
1599073827
598944027
1287100042
195874801
2147018723
1975325066
856805638
292071525
230470158
1342743641
1571800105
187188760
1176155937
1433212656
1987163699
2138853592
1043395063
22606946
57730574
1778146533
329129903
692741804
1719194885
1178154949
1021439404
1156618633
1057372562
1292564388
1730856373
1871327477
1651051860
1789941605
1939405373
538602812
1556891679
834898249
2138649790
1741567677
1715272238
316754490
636758078
268692288
158570355
1168220085
743418356
528246513
2050844175
2043562578
608006659
636052217
1813062109
641308402
1005971045
1844765624
1975060265
1977145476
1847685603
2040467616
1580045951
779121779
704186688
118190001
736068509
1121192880
1051631734
2049711757
669278602
203156055
372797976
1372144439
417381824
567904257
1596332758
97291884
2000911492
602374821
290761503
219957662
1754359895
898506283
1715925217
676268681
524093060
1207693967
1975081836
2075706996
922084058
1243812526
903674740
1751359238
60531828
2022020529
1385906485
1410491075
909401524
1963003155
410794673
705714977
1955244366
1272385872
1617114133
150053451
1955546752
682209067
1433517114
1579211377
493028960
914694044
203370311
717930698
1344863309
2113721429
1762855283
2080749095
260965255
980976368
1639080936
563803957
1030867931
212760759
1270160835
490266191
1533984631
110305551
2057130808
1387342078
1614885852
962218113
1370744019
2128337678
375617520
1193625190
425128153
1835465038
381382963
1614927663
856899789
803534307
504338954
1376784719
1062194446
359614537
2017743671
945979077
828545181
1204833000
1581226602
2014446921
1440237309
1895766094
1910527984
858777362
514584115
728351247
1473746314
391824962
1883424493
1152768822
344264793
2044736751
945257663
585429095
610121716
304282575
1069219976
1053435795
1492765852
2044125567
1561124595
1444405590
852586119
111500400
124468505
1587533296
269062232
911948143
482000196
692963294
2141216432
343269583
967355855
93095444
1827098334
1315406900
2114847785
1858508762
313140914
500440831
1694483960
825199680
314929007
1375589201
348234330
1855489855
459531742
1245040062
974757190
660751982
1304533375
588216720
676318993
1749579613
340561115
434532277
965958157
2003163538
577095925
849619526
850253900
1728988702
1812133342
423175860
50373506
596858586
639609448
1938669713
1792768264
190449475
1265550578
879341305
1282546685
175327471
506412899
1486204571
1596897159
1238312364
764219442
1407812199
1006166839
1036101940
833473185
615584982
1466256267
294284430
512872457
1131815889
851452044
1635990787
242091089
946372927
1319406744
1361574075
489625464
1962250798
326473018
1827756789
932615762
1614829213
1370548277
1805521376
