1562431130
117392763
1467211248
102948884
662969970
2023087525
595021505
1519796918
1429255519
196118093
1939977182
969067502
791955276
819572292
592164476
1482678032
995688456
1636576170
1681268743
2143572209
1974241400
326327863
937357226
944462913
1610411243
1998515241
830146030
1714307458
380917387
323298246
1276356730
726510756
450472430
538291085
1773748217
784177727
369835212
340708093
1261490713
588781164
1613362379
1382168065
1226299823
172412737
1245593975
194700534
1616002807
1715016935
67470157
679748443
768627193
427524440
1756205558
23764756
896977160
1652564410
2091725713
173204059
1532028261
1144626003
1032025897
1875722819
626327552
471426601
2039809094
1279650794
1761992798
405329719
1367183775
812669499
792682390
292967501
773641453
936910429
933427573
1393273733
982080986
1494582460
1015090625
2042112093
1007218200
1178812594
1776661403
80257142
324337807
112912593
1790714109
1693536744
988500398
1634774479
602523747
1355877696
420829923
740513295
384986759
2066924823
1859048229
1033643976
1044945476
1177173328
904029870
17501140
1359077532
1627010029
1502934983
1355141911
677162709
150863246
1227545275
737552522
796742846
624308104
1872207597
330324451
1730294031
540512670
1323308806
824557795
803930606
246755679
1497330246
315111228
1951234958
626135323
421222652
367042332
1737582322
611617923
1348476433
1676749402
995142352
1411198172
656226238
2145167932
1159446672
1709459168
1363890525
1490473442
271136627
199056433
1068001373
1698035027
58656721
1440012923
78349904
1006464803
1039046778
986477093
1406716447
570455741
849901630
1013178035
2019005021
292540755
825945481
1755290299
1387772600
2099341151
1654562342
1507629441
1919942284
847734996
1285992740
609730610
2096018065
1321028070
165539030
773945529
1664559029
787186291
598766324
2101434434
1931028741
388471308
802807006
1976791881
926230212
595896996
713660929
1722325342
676774046
1709253589
950768210
269242999
207126774
851523785
1600204536
1902581745
366918492
1959920331
1729563398
622912293
300195866
2015887978
199601766
638569379
58046189
1418479943
1177539793
545263374
606016209
869676668
2077680378
2115927188
1942401269
1929662377
738610122
1566825991
30184654
19226780
1738590150
36673693
1119900488
650881948
1793482894
1202282305
1252974359
911643731
1477997183
1860530323
1194821675
1031524181
248571511
667187843
1263812673
163561553
1922303416
1908399493
1345345174
1419595987
821586405
1516546417
1940520118
1268263347
1790356266
315313659
558761587
16308510
2066386553
1375705290
853702386
1780551486
1231656431
934034230
554405088
2027862921
1764685141
1914089891
1415585730
277312675
1318784193
1479280245
1048395881
445789425
776252253
430738095
1584803459
2138838459
1836874815
2081177131
729601358
1084576509
1627856760
201277816
1559241064
1092518347
1092129065
1837452107
1665180099
1655866206
807641294
1413266340
1852900788
276324031
1496996510
863340159
343878186
25217806
1718117643
1116065842
1557891067
929420399
1706980452
1642444137
1767896410
1379902866
1825969819
909465788
2115226725
1147674590
277297440
522711018
1318758619
86477882
1165814507
318778037
327945963
1283411575
1147993241
1601563993
1178955047
1617700189
705577134
2082666666
1546455960
1942495569
832785913
1351858633
32741866
957160352
220972565
1114839938
223030984
842733674
371999243
983290694
1927653955
397581613
899491605
1472676800
1819905387
948545005
722650494
985247509
908818688
274891518
112542629
332206781
1294705986
2075560302
356841248
808953593
1035584741
8069137
1229975036
604019696
1110893857
1151750953
1527220771
2078625386
1452539109
117487794
1827746007
572182056
1684340011
730140488
622538842
1299918813
793465959
535470518
1085218224
32228557
610793241
629020956
2093812860
708899329
1228152706
1404897212
263136007
1362493732
933303923
1038292577
1179331680
467330302
1238529856
1767661164
1562372765
566201226
1280016596
981408380
1756760895
230946741
1897866718
2024241081
800636852
1735261366
1388031529
1165160894
1804082165
1268323588
208001802
553992992
1961327952
434269945
1317314802
1167561887
1259100992
1375398145
345876515
2142450921
2146829432
44717950
1265886848
1359201029
1673325055
929762876
1111278717
1312904546
160447092
1320830860
1064656693
468830077
377663347
1512678143
1068013978
1380513833
1479773968
998741441
1401933510
1893884542
770638720
1001932431
1182996337
2081102688
1647381208
230027094
1129002108
494525867
380133613
38239850
1530286249
977497848
1175119193
1760416095
988932974
1379157775
727916447
2079556488
88039134
639435753
1712759654
504424969
1513984711
967693408
652162786
928348059
1373212379
987079541
1215085904
379675100
1109442054
115109438
1149503391
1351483985
566940894
1362939498
340708652
701566201
1501457721
1748460402
844312230
1905153678
976390360
266036318
575489297
1632470107
1036012864
812270641
889937638
939827125
1264282281
1831924467
345353559
25044759
559726608
466609497
1098138543
988862174
531754599
1108585746
1358064344
176751517
729656557
1687325616
1408002806
1166475294
1746915480
1054870065
2116357425
1561569526
1092163757
1441677098
2037528465
212062148
573436530
1589972367
1382294786
928309254
2028766716
1102202401
1266735990
666417047
1601011234
823801204
283484713
1554795721
1491869074
566151324
305814016
1840536603
1154044673
21762676
142522891
1804924823
1557569150
1239128970
1450676778
34369995
1803598304
176981674
1031951819
728219233
717166174
1558524934
1735872721
1571684957
1689018685
2098441471
623315088
1963109875
1132290468
988594834
906324725
1933122051
2068750731
660498530
2027785667
1191854898
1779856338
1418229342
1762844664
898423974
1880099182
376937230
740347726
404329565
1850566590
976283775
903349213
1128858411
1290351100
1962477001
2003334109
248930894
2075023310
1562947386
1337569674
1233764527
370858748
1494273825
923202848
1904087480
126090813
1242241336
843744518
1405292492
150294314
242791087
215760391
1545636967
1967725908
733941969
434183611
910190548
1209012337
971757653
1206243588
509479557
172404657
539699012
895248564
208525842
1202900015
2018005889
215316044
119325649
1311760514
1453836282
1976496863
1672451854
72390516
1411992170
385315350
1582008551
2142030794
315397064
1592410956
523033543
135689026
426165583
684802777
1516651645
1357186715
81126443
1562590572
1754482424
61741262
780674493
1744955282
17917089
825945946
1937733259
1822985043
494376533
1098255805
819348935
1745661435
398535678
2122892798
1909538682
1180962806
412666829
26214503
408567629
332892373
318892821
290491473
1308321268
1449156973
2045426375
1481010199
632675128
1975905822
1352016262
879734317
217999007
1896565553
669842790
2003469641
1281534137
309935451
1514112838
973566399
561798922
317610078
812863943
1584098794
814005391
576695759
1957166568
74133446
447774959
1888904690
1856266048
1141354907
673060927
1918551233
1467967959
50680788
1261022578
981679372
1871963040
664406510
2081405276
333861818
428045207
1346643084
1569011809
991442221
1987922035
1461873319
1710575806
1229520580
482750729
1321161698
2013713267
1520885370
1027842109
1514952187
2089329100
1115114155
489207461
1491556190
1854579083
533509111
494668732
433289428
1759087028
1265775423
1822331071
1336903768
351171061
1887229389
837256999
1170706186
1531424431
2097826192
1718559940
298060861
179250085
707709828
937500531
1817218987
1204475712
1427135024
877263484
637306056
1394028668
499863113
65376138
1706303795
1974921587
1394383732
631434567
685541449
1006329988
370154281
1006192020
830297556
1741197856
1396007859
325797218
1444078049
2007147825
1296289107
1045549104
466071471
233280550
1606313861
400341281
1409849795
1695947935
422756442
575124409
13528345
313245618
406421508
1135302196
951108980
1287011544
445512304
490055555
1208032471
1800507768
310507790
1871925988
334110732
1435641613
1726291628
1149909788
922647137
426473974
1212901248
1389872980
618883699
715006682
1922328388
703652749
133599778
1245498549
852297596
619138754
1024693156
763773316
1914677203
639070361
1041575349
810243977
715301539
1107005637
880191724
796535099
9656212
1379199483
95782953
408199630
2047606364
271102606
937463339
1995376730
312779684
806802601
88099390
1400099755
1272173067
1005695017
592870929
1542762660
476678467
1410981909
1588907685
484787536
1095189849
1360436666
125850210
2069551751
1369569299
202570599
1090432580
578074169
2110191218
905040066
1784845362
1803784282
246086743
2043531974
1264096367
1262693482
1587185730
626585946
1219646505
2086650271
1112863029
1734718606
740121391
1093761970
1641003191
1821832052
1446234816
1588788803
519420660
1063116441
1334341503
500987114
1863188226
1890842655
2025111682
358308315
1798310206
167654264
570850697
1823980853
1231532501
1340085953
2052308555
1308260071
17342815
488200121
1557619948
2020887871
1766962597
1500909148
1961166220
754760209
1677897859
1258370848
182613241
310352000
1510650601
279633611
23482500
1000056172
1427908091
1359933935
1857941745
805854328
1977275480
2074036739
1133664904
2098748342
1839404408
230896160
839572552
1486231538
11865391
573062485
2059743291
990595992
268247374
572778663
1231425253
1994402371
685959016
1430463144
1451378646
1464206050
1738140850
295465650
1062179167
624007817
1636030980
566958529
1712152929
1684285906
1063884284
927278826
596197697
189171437
1523132226
782506364
396832503
1825089099
676346085
2132232882
730709318
1412447203
267862756
942733585
1562297606
711190304
1060075722
1026715492
601921949
661451623
2069217392
1619616082
814273164
4216648
1547637478
1022900121
689495077
1761623104
2086062445
629450217
1561174362
1232206121
328038555
895714399
984006833
1358498111
1549736865
2068743836
484367957
128330191
815886762
933235330
410371398
728918142
582455129
1272633483
1317415343
640715827
1029031541
1753698245
2141978200
1186718370
273753505
1898780526
954036018
1695685750
774369860
1699221544
1105703696
1039565338
673488519
705224408
237110901
303524645
2085805436
387779361
1568424328
1796440672
420910940
104876920
464755492
2093678708
1211015145
1905801444
743394060
1539417909
845754610
1500857429
1429200187
211347333
342772469
581396382
1914120282
695614438
1139031518
1757588495
784070987
253780384
1156889582
454508723
165389794
224311947
1727854775
1096972835
57465012
928039290
1243182659
167360005
767166471
1973951300
778453589
1946532901
299837929
1552838256
1129743815
1827985197
1393383260
1109969788
496134162
1379106564
1781543086
1404899274
1786276076
857673409
1480324328
588926248
298807820
1084465227
2108186204
984342522
1116275465
531482511
1217099361
1563393542
1925642592
992642908
